2024-03-09 13:31:36.442 	0.00	0.00	9.02	1.44	4.89	-8.02
2024-03-09 13:31:36.745 	0.00	0.00	9.11	1.63	5.28	-8.55
2024-03-09 13:31:37.055 	0.00	0.00	9.05	1.84	5.66	-9.06
2024-03-09 13:31:37.360 	0.00	0.00	9.04	2.06	6.04	-9.58
2024-03-09 13:31:37.461 	0.00	0.00	9.07	2.26	6.42	-10.10
2024-03-09 13:31:37.666 	0.00	0.00	9.03	2.34	6.55	-10.27
2024-03-09 13:31:37.976 	0.00	0.00	9.00	2.48	6.80	-10.61
2024-03-09 13:31:38.282 	0.00	0.00	8.86	2.71	7.17	-11.12
2024-03-09 13:31:38.585 	0.00	0.00	8.90	2.91	7.55	-11.64
2024-03-09 13:31:38.900 	0.00	0.00	9.07	3.06	7.80	-11.97
2024-03-09 13:31:38.960 	0.00	0.00	8.99	3.28	8.17	-12.47
2024-03-09 13:31:39.200 	0.00	0.00	9.11	3.35	8.30	-12.64
2024-03-09 13:31:39.510 	0.00	0.00	8.93	3.50	8.54	-12.99
2024-03-09 13:31:39.817 	0.00	0.00	9.09	1.73	5.62	-13.72
2024-03-09 13:31:40.125 	0.00	0.00	8.98	3.50	8.97	-14.01
2024-03-09 13:31:40.432 	-0.02	0.00	8.94	4.02	10.32	-14.41
2024-03-09 13:31:40.741 	-0.02	0.00	9.02	1.44	10.65	-1.26
2024-03-09 13:31:41.049 	-0.02	0.00	9.14	1.05	9.61	-0.80
2024-03-09 13:31:41.353 	-0.04	0.00	8.93	2.36	10.65	-4.70
2024-03-09 13:31:41.661 	-0.04	0.00	9.19	2.90	10.13	-8.73
2024-03-09 13:31:41.968 	-0.04	0.00	9.13	3.31	11.27	-9.34
2024-03-09 13:31:42.276 	-0.04	0.00	8.98	3.37	11.63	-10.41
2024-03-09 13:31:42.582 	-0.04	0.00	8.98	3.50	10.70	-11.24
2024-03-09 13:31:42.890 	-0.04	0.00	8.99	3.70	11.14	-11.74
2024-03-09 13:31:43.199 	-0.04	0.00	8.97	4.13	11.56	-12.31
2024-03-09 13:31:43.506 	-0.04	0.00	9.01	4.47	12.01	-13.64
2024-03-09 13:31:43.809 	-0.04	0.00	9.05	4.72	12.38	-14.23
2024-03-09 13:31:43.858 	-0.06	0.00	9.01	5.29	13.61	-15.05
2024-03-09 13:31:44.116 	-0.06	0.00	9.15	4.76	13.54	-15.37
2024-03-09 13:31:44.428 	-0.06	0.00	8.99	4.45	12.93	-17.97
2024-03-09 13:31:44.735 	-0.06	0.00	9.16	12.18	3.74	-24.17
2024-03-09 13:31:45.041 	-0.06	0.00	9.17	13.01	3.20	-24.54
2024-03-09 13:31:45.350 	-0.06	0.00	9.16	13.26	3.66	-25.04
2024-03-09 13:31:45.655 	-0.06	0.00	9.18	13.60	4.17	-25.52
2024-03-09 13:31:45.961 	-0.06	0.00	9.15	13.86	4.47	-26.01
2024-03-09 13:31:46.268 	-0.06	0.00	9.10	14.15	4.95	-26.55
2024-03-09 13:31:46.357 	-0.06	0.00	9.15	14.37	5.31	-26.89
2024-03-09 13:31:46.575 	-0.06	0.00	9.04	14.44	5.45	-27.06
2024-03-09 13:31:46.656 	-0.06	0.00	9.13	14.60	5.73	-27.41
2024-03-09 13:31:46.883 	-0.06	0.00	9.21	14.69	5.88	-27.58
2024-03-09 13:31:46.953 	-0.06	0.00	9.18	14.88	6.17	-27.92
2024-03-09 13:31:47.187 	-0.06	0.00	9.06	14.96	6.29	-28.10
2024-03-09 13:31:47.498 	-0.06	0.00	9.14	15.10	6.55	-28.45
2024-03-09 13:31:47.553 	-0.06	0.00	9.18	15.36	7.00	-28.97
2024-03-09 13:31:47.802 	-0.06	0.00	9.15	15.45	7.15	-29.14
2024-03-09 13:31:48.113 	-0.06	0.00	9.08	15.63	7.40	-29.48
2024-03-09 13:31:48.420 	-0.06	0.00	9.17	15.87	7.81	-29.99
2024-03-09 13:31:48.725 	-0.06	0.00	9.21	16.11	8.36	-30.52
2024-03-09 13:31:49.036 	-0.06	0.00	9.08	16.32	8.59	-31.02
2024-03-09 13:31:49.346 	-0.06	0.00	9.18	16.50	8.61	-31.34
2024-03-09 13:31:49.652 	-0.06	0.02	9.17	15.88	8.96	-32.88
2024-03-09 13:31:49.954 	-0.06	0.02	9.19	16.82	10.19	-34.15
2024-03-09 13:31:50.261 	-0.06	0.02	9.10	17.16	10.64	-34.75
2024-03-09 13:31:50.573 	-0.06	0.02	9.13	17.39	11.13	-35.24
2024-03-09 13:31:50.660 	-0.06	0.02	9.15	17.35	11.32	-35.18
2024-03-09 13:31:50.876 	-0.06	0.02	9.31	17.08	11.47	-32.23
2024-03-09 13:31:51.186 	-0.04	0.02	8.75	18.15	12.11	-36.37
2024-03-09 13:31:51.494 	-0.04	0.02	9.22	19.02	12.34	-40.92
2024-03-09 13:31:51.800 	-0.04	0.02	9.12	19.28	12.85	-41.26
2024-03-09 13:31:52.105 	-0.04	0.02	9.11	19.50	13.34	-41.79
2024-03-09 13:31:52.412 	-0.04	0.02	9.12	19.71	13.72	-42.31
2024-03-09 13:31:52.721 	-0.04	0.02	9.08	19.92	14.10	-42.82
2024-03-09 13:31:53.027 	-0.04	0.02	9.06	20.22	14.63	-43.33
2024-03-09 13:31:53.337 	-0.04	0.00	9.13	20.05	15.56	-38.47
2024-03-09 13:31:53.642 	-0.04	0.00	9.09	20.10	15.90	-38.33
2024-03-09 13:31:53.949 	-0.04	0.00	9.19	20.44	16.38	-38.82
2024-03-09 13:31:54.060 	-0.04	0.00	9.08	20.58	16.70	-39.16
2024-03-09 13:31:54.565 	-0.04	0.00	9.17	20.71	16.93	-39.51
2024-03-09 13:31:54.870 	-0.06	0.00	9.04	21.58	15.92	-45.48
2024-03-09 13:31:54.958 	-0.06	0.00	9.08	20.66	16.96	-37.42
2024-03-09 13:31:55.177 	-0.06	0.00	9.20	20.81	17.34	-36.81
2024-03-09 13:31:55.487 	-0.06	0.00	9.16	20.94	17.53	-37.17
2024-03-09 13:31:55.795 	-0.06	0.00	9.11	21.23	18.04	-37.67
2024-03-09 13:31:56.100 	-0.06	0.00	9.23	21.49	18.47	-38.17
2024-03-09 13:31:56.407 	-0.06	0.00	9.11	21.71	18.81	-38.68
2024-03-09 13:31:56.714 	-0.06	0.00	9.03	21.70	18.81	-39.04
2024-03-09 13:31:56.760 	-0.06	0.02	8.78	21.93	18.91	-43.08
2024-03-09 13:31:57.022 	-0.06	0.02	9.33	21.81	18.91	-43.89
2024-03-09 13:31:57.330 	-0.06	0.02	9.11	22.47	19.55	-43.53
2024-03-09 13:31:57.636 	-0.06	0.02	9.17	22.73	20.12	-44.05
2024-03-09 13:31:57.945 	-0.06	0.02	9.11	22.95	20.50	-44.54
2024-03-09 13:31:58.251 	-0.06	0.02	9.22	23.21	21.06	-44.61
2024-03-09 13:31:58.557 	-0.04	0.02	8.21	24.80	21.45	-53.58
2024-03-09 13:31:58.863 	-0.04	0.02	9.13	24.93	21.68	-53.43
2024-03-09 13:31:59.170 	-0.04	0.02	9.03	25.22	22.09	-53.95
2024-03-09 13:31:59.479 	-0.04	0.02	9.12	25.39	22.35	-54.30
2024-03-09 13:31:59.552 	-0.04	0.02	9.17	25.61	22.69	-54.82
2024-03-09 13:31:59.785 	-0.04	0.02	9.22	25.64	22.78	-54.99
2024-03-09 13:32:00.096 	-0.04	0.02	9.07	25.84	23.05	-55.33
2024-03-09 13:32:00.401 	-0.04	0.00	8.87	25.62	23.69	-51.03
2024-03-09 13:32:00.707 	-0.04	0.00	9.03	26.05	24.15	-52.65
2024-03-09 13:32:01.015 	-0.04	0.00	9.06	26.26	24.49	-53.18
2024-03-09 13:32:01.328 	-0.04	0.00	9.07	26.47	24.88	-53.69
2024-03-09 13:32:01.630 	-0.06	0.00	9.00	27.16	24.33	-58.92
2024-03-09 13:32:01.933 	-0.06	0.00	9.74	27.48	24.05	-61.46
2024-03-09 13:32:02.255 	-0.06	0.00	9.12	27.06	25.46	-55.93
2024-03-09 13:32:02.557 	-0.06	0.00	9.00	27.30	25.90	-56.18
2024-03-09 13:32:02.858 	-0.06	0.00	9.03	27.52	26.27	-56.69
2024-03-09 13:32:03.167 	-0.06	0.00	9.04	27.41	26.60	-56.13
2024-03-09 13:32:03.264 	-0.06	0.02	9.53	26.90	26.71	-54.20
2024-03-09 13:32:03.480 	-0.08	0.02	9.05	26.47	26.88	-53.57
2024-03-09 13:32:03.782 	-0.08	0.02	9.18	27.12	27.38	-52.34
2024-03-09 13:32:04.088 	-0.08	0.02	9.13	27.48	28.00	-52.85
2024-03-09 13:32:04.395 	-0.08	0.02	9.13	27.66	28.30	-53.18
2024-03-09 13:32:04.457 	-0.08	0.02	9.26	27.86	28.63	-53.69
2024-03-09 13:32:04.700 	-0.08	0.02	9.18	27.89	28.76	-53.77
2024-03-09 13:32:05.009 	-0.06	0.02	8.89	27.32	29.21	-48.59
2024-03-09 13:32:05.316 	-0.06	0.02	9.08	29.46	28.70	-63.70
2024-03-09 13:32:05.622 	-0.06	0.02	9.16	29.81	29.19	-64.21
2024-03-09 13:32:05.977 	-0.06	0.02	9.06	30.08	29.60	-64.73
2024-03-09 13:32:06.243 	-0.06	0.02	9.13	30.30	29.91	-65.25
2024-03-09 13:32:06.545 	-0.06	0.02	9.01	30.66	30.32	-65.73
2024-03-09 13:32:06.852 	-0.06	0.02	9.75	30.34	30.50	-62.21
2024-03-09 13:32:07.160 	-0.06	0.04	9.20	29.95	31.45	-57.46
2024-03-09 13:32:07.466 	-0.06	0.04	9.16	30.28	31.89	-58.23
2024-03-09 13:32:07.776 	-0.06	0.04	9.10	30.53	32.32	-58.75
2024-03-09 13:32:08.083 	-0.06	0.04	9.12	30.76	32.68	-59.27
2024-03-09 13:32:08.399 	-0.06	0.04	9.06	31.00	33.05	-59.78
2024-03-09 13:32:08.693 	-0.06	0.04	9.11	31.23	33.37	-60.30
2024-03-09 13:32:09.003 	-0.06	0.04	9.03	31.47	33.72	-60.80
2024-03-09 13:32:09.307 	-0.06	0.04	9.10	31.70	34.08	-61.32
2024-03-09 13:32:09.351 	-0.06	0.04	9.03	32.40	33.41	-66.27
2024-03-09 13:32:09.616 	-0.08	0.04	9.24	32.96	33.01	-69.27
2024-03-09 13:32:09.926 	-0.08	0.04	9.08	31.76	33.54	-60.44
2024-03-09 13:32:10.234 	-0.08	0.04	9.08	32.32	34.53	-61.94
2024-03-09 13:32:10.287 	-0.08	0.04	9.07	32.59	35.02	-62.44
2024-03-09 13:32:10.535 	-0.08	0.04	9.11	32.67	35.16	-62.61
2024-03-09 13:32:10.847 	-0.08	0.04	8.99	32.78	35.44	-62.96
2024-03-09 13:32:11.154 	-0.08	0.04	9.01	32.82	35.45	-63.48
2024-03-09 13:32:11.459 	-0.08	0.06	9.36	32.42	35.68	-63.03
2024-03-09 13:32:11.769 	-0.08	0.06	9.15	33.03	36.62	-62.60
2024-03-09 13:32:12.076 	-0.08	0.06	9.05	33.14	36.92	-62.78
2024-03-09 13:32:12.382 	-0.08	0.06	9.13	33.46	37.45	-63.28
2024-03-09 13:32:12.689 	-0.08	0.06	9.11	33.69	37.89	-63.79
2024-03-09 13:32:12.996 	-0.08	0.06	9.11	33.96	38.27	-64.29
2024-03-09 13:32:13.305 	-0.08	0.06	9.06	34.19	38.60	-64.80
2024-03-09 13:32:13.610 	-0.08	0.06	9.16	34.19	39.07	-63.47
2024-03-09 13:32:13.921 	-0.06	0.06	8.24	35.56	38.67	-72.52
2024-03-09 13:32:14.227 	-0.06	0.06	9.08	36.31	38.83	-77.09
2024-03-09 13:32:14.534 	-0.06	0.06	9.10	36.54	39.25	-77.43
2024-03-09 13:32:14.841 	-0.06	0.06	9.06	36.80	39.69	-77.94
2024-03-09 13:32:15.150 	-0.06	0.06	9.09	37.07	40.11	-78.44
2024-03-09 13:32:15.459 	-0.06	0.06	9.09	37.30	40.48	-78.95
2024-03-09 13:32:15.755 	-0.06	0.06	9.06	37.54	40.84	-79.45
2024-03-09 13:32:16.068 	-0.06	0.06	9.10	37.76	41.17	-79.94
2024-03-09 13:32:16.376 	-0.06	0.06	9.01	38.12	41.66	-80.43
2024-03-09 13:32:16.682 	-0.06	0.04	9.25	37.90	41.11	-77.88
2024-03-09 13:32:16.849 	-0.06	0.04	9.08	37.96	41.95	-75.72
2024-03-09 13:32:16.988 	-0.06	0.04	9.10	38.02	42.20	-75.97
2024-03-09 13:32:17.300 	-0.06	0.04	9.10	38.07	42.42	-76.12
2024-03-09 13:32:17.606 	-0.06	0.04	9.10	38.34	42.92	-76.55
2024-03-09 13:32:17.913 	-0.06	0.04	9.05	38.57	43.30	-77.07
2024-03-09 13:32:18.226 	-0.06	0.04	9.12	38.76	43.17	-78.26
2024-03-09 13:32:18.529 	-0.08	0.04	9.53	38.93	43.26	-78.44
2024-03-09 13:32:18.837 	-0.08	0.04	9.05	39.10	44.47	-76.16
2024-03-09 13:32:19.140 	-0.08	0.04	9.05	39.33	44.89	-76.66
2024-03-09 13:32:19.448 	-0.08	0.04	9.11	39.58	45.26	-77.17
2024-03-09 13:32:19.751 	-0.08	0.04	9.11	39.74	45.53	-77.51
2024-03-09 13:32:20.068 	-0.08	0.04	9.14	39.94	45.95	-78.02
2024-03-09 13:32:20.148 	-0.08	0.06	9.33	39.16	46.15	-76.86
2024-03-09 13:32:20.368 	-0.08	0.06	9.06	39.54	46.18	-77.70
2024-03-09 13:32:20.677 	-0.08	0.06	9.12	40.02	46.72	-77.56
2024-03-09 13:32:20.984 	-0.08	0.06	9.13	40.25	47.25	-78.08
2024-03-09 13:32:21.288 	-0.08	0.06	9.06	40.53	47.70	-78.58
2024-03-09 13:32:21.600 	-0.08	0.06	9.10	40.79	48.12	-79.08
2024-03-09 13:32:21.905 	-0.08	0.06	9.06	41.01	48.44	-79.59
2024-03-09 13:32:22.060 	-0.06	0.06	9.36	40.73	48.84	-75.82
2024-03-09 13:32:22.522 	-0.06	0.06	9.03	42.12	48.33	-85.81
2024-03-09 13:32:22.827 	-0.06	0.06	9.10	43.04	48.94	-90.23
2024-03-09 13:32:23.135 	-0.06	0.06	9.00	43.29	49.34	-90.73
2024-03-09 13:32:23.444 	-0.06	0.06	9.08	43.56	49.73	-91.24
2024-03-09 13:32:23.750 	-0.06	0.06	8.99	43.91	50.17	-91.72
2024-03-09 13:32:24.057 	-0.06	0.04	9.26	43.70	50.04	-88.79
2024-03-09 13:32:24.367 	-0.06	0.04	9.03	43.49	50.84	-86.35
2024-03-09 13:32:24.669 	-0.06	0.04	9.02	43.88	51.37	-86.83
2024-03-09 13:32:24.977 	-0.06	0.04	9.09	44.06	51.66	-87.18
2024-03-09 13:32:25.047 	-0.06	0.04	9.07	44.31	51.91	-87.71
2024-03-09 13:32:25.283 	-0.06	0.04	9.06	44.51	51.65	-89.75
2024-03-09 13:32:25.354 	-0.08	0.04	8.03	44.43	51.28	-90.55
2024-03-09 13:32:25.589 	-0.08	0.04	10.04	43.88	51.73	-84.39
2024-03-09 13:32:25.898 	-0.08	0.04	9.01	44.54	52.59	-86.96
2024-03-09 13:32:25.950 	-0.08	0.04	9.18	44.77	53.07	-87.47
2024-03-09 13:32:26.205 	-0.08	0.04	9.21	44.86	53.23	-87.63
2024-03-09 13:32:26.515 	-0.08	0.04	9.17	45.01	53.47	-87.97
2024-03-09 13:32:26.820 	-0.08	0.04	9.13	45.26	53.86	-88.48
2024-03-09 13:32:27.128 	-0.08	0.04	9.09	45.49	54.23	-88.99
2024-03-09 13:32:27.434 	-0.08	0.06	9.22	44.98	54.52	-89.45
2024-03-09 13:32:27.741 	-0.08	0.06	8.65	45.38	54.65	-90.30
2024-03-09 13:32:28.051 	-0.08	0.06	9.08	45.84	55.19	-90.08
2024-03-09 13:32:28.357 	-0.08	0.06	9.08	46.15	55.74	-90.58
2024-03-09 13:32:28.662 	-0.08	0.06	9.04	46.45	56.26	-91.08
2024-03-09 13:32:28.973 	-0.08	0.06	9.12	46.70	56.66	-91.58
2024-03-09 13:32:29.278 	-0.08	0.06	9.13	46.96	57.08	-92.08
2024-03-09 13:32:29.582 	-0.08	0.06	9.15	47.21	57.44	-92.59
2024-03-09 13:32:29.897 	-0.08	0.06	9.14	47.45	57.82	-93.09
2024-03-09 13:32:30.203 	-0.08	0.06	9.05	47.68	58.16	-93.60
2024-03-09 13:32:30.507 	-0.08	0.06	9.44	47.36	58.37	-90.91
2024-03-09 13:32:30.550 	-0.06	0.06	8.77	49.65	58.03	-105.90
2024-03-09 13:32:30.814 	-0.06	0.06	9.08	49.60	57.94	-105.55
2024-03-09 13:32:30.858 	-0.06	0.06	9.06	49.86	58.40	-105.90
2024-03-09 13:32:31.118 	-0.06	0.06	9.09	49.94	58.55	-106.07
2024-03-09 13:32:31.429 	-0.06	0.06	9.08	50.11	58.88	-106.42
2024-03-09 13:32:31.736 	-0.06	0.06	9.13	50.38	59.31	-106.93
2024-03-09 13:32:32.043 	-0.06	0.06	9.11	50.63	59.71	-107.44
2024-03-09 13:32:32.351 	-0.06	0.06	9.15	50.91	60.11	-107.93
2024-03-09 13:32:32.655 	-0.06	0.06	9.11	51.15	60.53	-108.43
2024-03-09 13:32:32.965 	-0.06	0.06	9.21	51.18	60.74	-106.34
2024-03-09 13:32:33.048 	-0.08	0.08	8.64	50.29	61.55	-99.02
2024-03-09 13:32:33.273 	-0.08	0.08	9.61	50.68	61.67	-99.73
2024-03-09 13:32:33.580 	-0.08	0.08	9.04	50.70	61.97	-100.18
2024-03-09 13:32:33.886 	-0.08	0.08	9.05	50.96	62.35	-100.68
2024-03-09 13:32:34.192 	-0.08	0.08	9.16	51.18	62.75	-101.20
2024-03-09 13:32:34.498 	-0.08	0.08	9.08	51.41	63.10	-101.72
2024-03-09 13:32:34.811 	-0.08	0.08	9.15	51.57	63.33	-102.25
2024-03-09 13:32:35.116 	-0.10	0.08	8.65	51.62	63.08	-101.87
2024-03-09 13:32:35.423 	-0.10	0.08	9.50	50.48	63.93	-93.13
2024-03-09 13:32:35.729 	-0.10	0.08	9.09	51.01	64.67	-95.04
2024-03-09 13:32:36.039 	-0.10	0.08	9.07	51.27	65.09	-95.56
2024-03-09 13:32:36.345 	-0.10	0.08	9.08	51.50	65.50	-96.07
2024-03-09 13:32:36.653 	-0.10	0.08	9.01	51.69	65.82	-96.60
2024-03-09 13:32:36.958 	-0.10	0.10	8.86	51.38	66.04	-96.86
2024-03-09 13:32:37.263 	-0.12	0.10	9.04	51.67	66.43	-97.88
2024-03-09 13:32:37.572 	-0.12	0.10	9.09	52.25	67.14	-98.04
2024-03-09 13:32:37.881 	-0.12	0.10	9.01	52.51	67.61	-98.56
2024-03-09 13:32:38.187 	-0.12	0.10	9.09	52.68	67.90	-98.89
2024-03-09 13:32:38.497 	-0.12	0.10	9.06	52.88	68.15	-99.40
2024-03-09 13:32:38.806 	-0.10	0.10	9.01	52.66	68.57	-96.13
2024-03-09 13:32:38.851 	-0.10	0.10	9.13	54.62	68.05	-110.18
2024-03-09 13:32:39.107 	-0.10	0.10	9.15	54.74	68.22	-110.37
2024-03-09 13:32:39.417 	-0.10	0.10	9.19	54.96	68.65	-110.70
2024-03-09 13:32:39.724 	-0.10	0.10	9.15	55.22	69.11	-111.22
2024-03-09 13:32:40.030 	-0.10	0.10	9.04	55.43	69.49	-111.74
2024-03-09 13:32:40.337 	-0.10	0.10	9.09	55.70	69.90	-112.25
2024-03-09 13:32:40.645 	-0.10	0.10	9.02	55.88	70.17	-112.60
2024-03-09 13:32:40.951 	-0.10	0.10	9.11	56.26	70.58	-112.51
2024-03-09 13:32:41.256 	-0.10	0.12	8.69	56.52	70.99	-111.30
2024-03-09 13:32:41.571 	-0.10	0.12	9.15	56.48	71.39	-111.15
2024-03-09 13:32:41.873 	-0.10	0.12	9.06	56.78	71.77	-111.66
2024-03-09 13:32:42.183 	-0.10	0.12	9.04	57.01	72.13	-112.18
2024-03-09 13:32:42.490 	-0.10	0.12	9.08	57.25	72.45	-112.70
2024-03-09 13:32:42.795 	-0.12	0.12	8.59	57.60	72.18	-114.93
2024-03-09 13:32:43.100 	-0.12	0.12	9.04	55.79	73.20	-100.97
2024-03-09 13:32:43.415 	-0.12	0.12	9.13	56.18	74.10	-101.44
2024-03-09 13:32:43.462 	-0.12	0.12	9.13	56.41	74.47	-101.95
2024-03-09 13:32:43.716 	-0.12	0.12	9.04	56.50	74.61	-102.12
2024-03-09 13:32:44.026 	-0.12	0.12	9.20	56.64	74.88	-102.47
2024-03-09 13:32:44.375 	-0.12	0.12	9.04	56.42	74.93	-103.09
2024-03-09 13:32:44.637 	-0.12	0.14	9.60	56.72	74.84	-105.33
2024-03-09 13:32:44.943 	-0.14	0.14	9.10	57.58	75.55	-106.96
2024-03-09 13:32:45.253 	-0.14	0.14	9.10	57.80	76.09	-107.48
2024-03-09 13:32:45.562 	-0.14	0.14	9.14	58.05	76.52	-107.80
2024-03-09 13:32:45.868 	-0.14	0.14	9.03	58.28	76.95	-108.32
2024-03-09 13:32:46.177 	-0.14	0.14	8.91	58.45	77.09	-108.84
2024-03-09 13:32:46.477 	-0.12	0.14	9.14	58.02	77.02	-104.43
2024-03-09 13:32:46.788 	-0.12	0.14	9.12	60.57	76.68	-122.70
2024-03-09 13:32:47.100 	-0.12	0.14	9.00	60.94	77.31	-123.36
2024-03-09 13:32:47.403 	-0.12	0.14	9.09	61.22	77.76	-123.88
2024-03-09 13:32:47.707 	-0.12	0.14	9.17	61.43	78.17	-124.40
2024-03-09 13:32:47.858 	-0.14	0.12	9.67	61.39	78.97	-120.57
2024-03-09 13:32:48.333 	-0.14	0.12	8.64	61.58	79.02	-121.24
2024-03-09 13:32:48.628 	-0.14	0.12	9.05	62.52	79.54	-125.75
2024-03-09 13:32:48.947 	-0.14	0.12	9.14	62.80	79.93	-126.72
2024-03-09 13:32:49.250 	-0.14	0.12	9.01	62.94	80.20	-127.55
2024-03-09 13:32:49.556 	-0.14	0.12	9.07	63.22	80.37	-128.65
2024-03-09 13:32:49.858 	-0.16	0.12	9.18	63.96	80.09	-133.37
2024-03-09 13:32:50.174 	-0.16	0.12	9.43	62.44	81.30	-121.61
2024-03-09 13:32:50.475 	-0.16	0.12	9.05	62.74	82.11	-120.74
2024-03-09 13:32:50.782 	-0.16	0.12	9.13	62.88	82.37	-121.09
2024-03-09 13:32:50.858 	-0.16	0.12	9.14	63.04	82.77	-121.61
2024-03-09 13:32:51.089 	-0.16	0.12	9.10	62.78	82.86	-121.83
2024-03-09 13:32:51.398 	-0.16	0.14	9.13	62.11	82.80	-121.84
2024-03-09 13:32:51.703 	-0.18	0.14	9.03	63.29	83.48	-122.18
2024-03-09 13:32:52.011 	-0.18	0.14	9.11	63.34	83.92	-121.90
2024-03-09 13:32:52.317 	-0.18	0.14	9.10	63.57	84.32	-122.40
2024-03-09 13:32:52.624 	-0.18	0.14	9.13	63.77	84.57	-122.90
2024-03-09 13:32:52.933 	-0.16	0.14	8.69	65.92	83.94	-136.49
2024-03-09 13:32:53.241 	-0.16	0.14	9.07	66.23	84.25	-138.61
2024-03-09 13:32:53.548 	-0.16	0.14	9.11	66.41	84.62	-138.95
2024-03-09 13:32:53.856 	-0.16	0.14	9.15	66.67	85.12	-139.46
2024-03-09 13:32:54.165 	-0.16	0.14	9.18	67.07	85.53	-139.91
2024-03-09 13:32:54.471 	-0.16	0.12	8.76	66.98	86.12	-136.65
2024-03-09 13:32:54.789 	-0.16	0.12	9.08	66.92	86.63	-136.67
2024-03-09 13:32:54.859 	-0.16	0.12	9.25	67.27	87.15	-137.71
2024-03-09 13:32:55.080 	-0.16	0.12	9.39	67.16	88.16	-138.20
2024-03-09 13:32:55.389 	-0.16	0.12	9.18	66.56	88.92	-137.49
2024-03-09 13:32:55.697 	-0.16	0.12	9.06	66.64	89.48	-138.02
2024-03-09 13:32:56.006 	-0.16	0.12	9.06	66.76	89.85	-138.40
2024-03-09 13:32:56.309 	-0.16	0.12	9.14	66.95	90.35	-138.93
2024-03-09 13:32:56.356 	-0.16	0.12	9.14	67.18	90.84	-139.46
2024-03-09 13:32:56.620 	-0.16	0.12	9.11	67.24	90.93	-139.48
2024-03-09 13:32:56.927 	-0.16	0.12	9.01	66.75	91.54	-135.88
2024-03-09 13:32:57.234 	-0.16	0.12	9.14	66.96	92.01	-136.37
2024-03-09 13:32:57.543 	-0.16	0.12	9.15	67.18	92.46	-136.89
2024-03-09 13:32:57.846 	-0.16	0.12	9.07	67.40	92.93	-137.41
2024-03-09 13:32:58.156 	-0.16	0.12	9.05	67.62	93.38	-137.94
2024-03-09 13:32:58.464 	-0.16	0.12	8.98	67.84	93.85	-138.47
2024-03-09 13:32:58.555 	-0.16	0.12	9.28	67.98	94.15	-138.83
2024-03-09 13:32:58.770 	-0.16	0.12	8.97	68.05	94.29	-139.01
